name,phone,address,medical_cost,patient_id
john,154278963,southwest,5635.74,P1001
lucy,124-458796,southeast,4528.08,P1002
rose,12-3568657,northeast,18295.84,P1003
lucky,25-8796582-7,southeast,6569.16,P1004
jack,1-91-785496,northwest,19116.27,P1005
